                                                                                             [0;1;30;90;42mS[0;30;42m.[0;1;30;90;42mS[0;1;32;92;42m.[0;1;30;90;42m.[0;30;42m8[0m       
                                                                                            [0;32;40m%[0;37;5;40;100m:[0;32;5;42;102m.[0;36;5;40;100m:[0;32;5;42;102m:88[0;1;32;92;42m8[0;30;42m@[0m     
                                                [0;30;41m:t;tt[0;1;30;90;47m8t[0m        [0;30;5;40;100mS@[0m                           [0;33;42m8S[0;1;32;92;43m8[0;1;30;90;43m :[0;36;42m [0;32;5;42;102m88[0;1;32;92;42m@[0;30;42mt[0;32;40m8[0m   
                                              [0;31;40mS[0;36;5;40;100m;[0;31;5;40;100mX[0m   [0;31;40m.[0;1;30;90;40m@[0;31;5;40;100m8[0;32;40m.[0;34;40m.[0;31;40m;[0;32;40m:[0;31;40m:t[0;32;40mt[0;1;30;90;40m8[0;30;5;40;100m8[0;1;30;90;40m8X[0;31;40m:[0;32;40m.[0;34;40m:[0;33;5;40;100mt[0;34;40m [0m                       [0;1;30;90;43m [0;30;41m.[0;33;41mS[0;31;40m8[0;32;5;42;102m@8888[0;1;32;92;42mS[0;30;42m%[0m 
                                        [0;1;30;90;46mS[0;1;34;94;46m88[0;1;30;90;46m8[0m  [0;31;40m .[0;32;40m:[0;31;40mt[0;34;40m:[0;1;30;90;40m@[0;1;30;90;43mt[0;31;43m8[0;1;30;90;43mXS[0;31;40mS[0;1;30;90;40m8XX[0;31;40mt[0;1;30;90;40mS[0;31;40mtt[0;1;30;90;40mS[0;31;40mt[0;1;30;90;40m8[0;1;30;90;43mt%%[0;30;41m8[0;32;40m;[0m [0;1;30;90;46mS[0;1;34;94;46m88[0;1;30;90;46m8[0m               [0;32;43m8[0;30;42mX[0;33;42m:[0;1;32;92;42m8S[0;33;42m;[0;1;32;92;42m8[0;32;5;42;102m88[0;1;32;92;42m8S[0;30;42m8[0m  
                                     [0;31;5;40;100m%[0;36;5;40;100m [0;35;5;40;100m.[0;1;30;90;47m8SS[0;37;5;40;100m@[0;35;5;40;100m;[0;36;5;40;100m     [0;33;5;40;100m [0;35;5;40;100m :[0;36;5;40;100m [0;35;5;40;100m. [0;36;5;40;100m  [0;35;5;40;100m [0;36;5;40;100m       [0;33;5;40;100m [0;1;30;90;40m8[0;35;5;40;100mS[0;30;5;40;100m@[0;36;5;40;100m  [0;35;5;40;100m.[0;1;30;90;47m8SS[0;37;5;40;100m@[0;35;5;40;100m;[0;33;5;40;100m [0;30;5;40;100m8[0m              [0;30;42m8[0;1;32;92;42mX8[0;32;5;42;102m8[0;1;32;92;42m8%:[0;30;42m8[0m    
                                   [0;34;40mX[0;37;5;40;100m8[0;1;37;97;47mt%:.;::;t%SS[0;1;30;90;47mtS[0;37;5;40;100m8@@@88888888[0;1;30;90;47m .[0;37;5;40;100m88[0;30;5;40;100mX[0;33;5;40;100m [0;31;5;40;100mS[0;37;5;40;100m88SS[0;1;30;90;47mt[0;37;5;40;100m88[0;1;30;90;47m888[0;33;5;40;100m [0;31;5;40;100m%[0m                        
                                 [0;34;40m8[0;36;5;40;100m%.8[0;34;40m8[0;36;5;40;100m8[0;34;40m8[0;34;5;40;100mS[0;34;40m8[0;36;5;40;100m8[0;34;40m8[0;34;5;40;100mS[0;34;40m8[0;36;5;40;100m8[0;34;40m8[0;36;5;40;100m [0;37;5;40;100mS[0;36;5;40;100m [0;1;30;90;46mS[0;1;30;90;44m8[0;1;30;90;46mt[0;1;30;90;44m8[0;36;5;40;100m8[0;1;30;90;44m8[0;1;30;90;46mt[0;1;30;90;44m8[0;36;5;40;100m8[0;1;30;90;44m8[0;1;30;90;46m;[0;34;40mt[0;1;30;90;47mtt[0;34;40m8[0;36;5;40;100m8[0;34;5;40;100m8S[0;32;40m@[0;34;46m8[0;36;5;40;100m8[0;1;30;90;44m88[0;36;5;40;100m t[0;34;5;40;100mX[0;34;46m8[0;34;5;40;100mS[0;1;30;90;46m;[0;34;5;40;100m8[0;34;46m8[0;34;5;40;100mX[0;32;40m:[0m                      
                               [0;34;40m8[0;36;5;40;100m8@[0;33;5;40;100m [0;34;5;40;100mS[0;34;46m8[0;36;5;40;100m8[0;30;44m8[0;1;30;90;46mt[0;36;5;40;100m8[0;36;44m8[0;30;5;40;100mS[0;34;46m@[0;1;30;90;46m:[0;34;5;40;100mX[0;36;44m8[0;36;5;40;100m8[0;33;5;40;100m [0;37;5;40;100mS[0;36;5;40;100m [0;34;5;40;100mX[0;36;44m8[0;30;5;40;100mX[0;36;44m8[0;34;5;40;100mS[0;34;46m8[0;1;30;90;40m8[0;34;46m8[0;34;5;40;100mS[0;34;46m8[0;30;5;40;100m@[0;34;40mX[0;1;30;90;47mtt[0;1;30;90;40m8[0;34;46m8[0;32;40m8[0;30;44m8[0;36;5;40;100m8[0;34;40mX[0;36;5;40;100m8[0;36;44m8[0;32;5;40;100mS[0;36;44m8[0;33;5;40;100m:[0;36;5;40;100mS[0;34;5;40;100mX[0;30;44m8[0;36;5;40;100m8[0;30;44m8[0;36;5;40;100m8[0;36;44m8[0;1;30;90;40m8[0;34;40m;[0m                     
                             [0;34;40m8[0;36;5;40;100m8[0;1;30;90;46m%[0;1;30;90;44m8[0;36;5;40;100m8[0;33;5;40;100m.[0;34;5;40;100mS[0;34;40m8[0;1;30;90;46mt[0;36;5;40;100m8[0;30;44m8[0;36;5;40;100m8[0;30;44m8[0;1;30;90;46m:[0;1;30;90;40m8[0;1;30;90;44m8[0;36;42m8[0;1;30;90;44m8[0;36;5;40;100m8   [0;1;30;90;46mt[0;34;5;40;100m8[0;34;46m8[0;1;30;90;42m8[0;30;44m@[0;1;30;90;46mt[0;34;5;40;100mX[0;32;46m8[0;30;44m8[0;36;5;40;100m8[0;36;44m8[0;32;40mX[0;1;30;90;47m;t[0;34;40m8[0;36;5;40;100m8[0;34;46m8[0;32;40mS[0;1;30;90;44m8[0;32;40mX[0;1;30;90;44m8[0;30;42m8[0;36;44m@[0;30;5;40;100mS[0;30;44m8[0;36;5;40;100m.[0;32;5;40;100mX[0;36;5;40;100m8[0;34;40m8[0;1;30;90;46m;[0;1;30;90;40m8[0;1;30;90;46m:[0;30;44m8[0;36;5;40;100m8[0m                     
    [0;36;5;40;100m [0;1;30;90;47m@@@@@@@@@@@@@@@@@@@@@@@[0;36;5;40;100m .;;;[0;30;5;40;100m8[0;1;30;90;47mS[0;37;5;40;100m8[0;36;5;40;100mtt%%%ttS%%SS[0;37;5;40;100mS[0;36;5;40;100mt[0;1;30;90;40m8[0;31;40m8[0;30;5;40;100m8[0;31;40m8[0;34;5;40;100mX[0;31;40m8[0;30;5;40;100m8[0;31;40m8[0;31;5;40;100mX[0;1;30;90;40m8[0;31;40m8[0;31;5;40;100m8[0;31;40mX[0;35;5;40;100m:[0;33;5;40;100m;[0;30;41m8[0;30;5;40;100m@[0;1;30;90;41m%@[0;30;41m8[0;31;5;40;100m8[0;1;30;90;41m;[0;1;31;91;41m%t[0;33;41m;[0;1;31;91;41mS%;:%tt%%;%%%%%[0;30;41mt[0;31;40m;[0m              
 [0;30;5;40;100mS[0;37;5;40;100m8[0;1;37;97;47m;ttt;;;:;;:;;:;;:;;8[0;37;5;47;107m         [0;36;5;40;100m [0;37;5;47;107m   ..[0;1;37;97;47m8;S[0;33;5;40;100m;[0;37;45m8[0;37;5;47;107m8;t88:[0;35;5;40;100m [0;37;5;47;107m [0;1;37;97;47m%%tt%tt.%[0;1;30;90;47m:t[0;1;37;97;47m.[0;37;5;40;100mX[0;1;30;90;47mt[0;1;37;97;47m%;;[0;37;5;40;100mX[0;35;5;40;100mt[0;31;5;40;100m%[0;35;5;40;100m [0;1;30;90;47m88[0;35;41m8[0;1;30;90;43m8[0;31;45m8[0;1;30;90;43m8[0;35;41m8[0;1;30;90;43m8[0;31;45m8[0;1;31;91;41mS[0;1;30;90;41mS[0;1;30;90;40m@88[0;31;5;40;100m8[0;30;5;40;100m8[0;31;5;40;100m8[0;1;30;90;40m@[0;35;5;40;100mt[0;31;40m:[0m              
[0;1;30;90;40m@8[0;30;5;40;100m8[0;37;5;47;107m .  ...;[0;1;37;97;47m [0;1;30;90;47m;:;;:;[0;1;37;97;47mt[0;37;5;47;107m%...         [0;37;5;40;100mS[0;37;5;47;107m    [0;1;37;97;47mX[0;1;30;90;47m8[0;37;5;47;107m8[0;1;37;97;47m [0;37;5;41;101m8[0;1;33;93;47mS[0;37;5;41;101m8[0;1;37;97;47m%[0;37;5;47;107m .  [0;35;5;40;100m [0;37;5;47;107m         .   [0;1;30;90;47m%[0;1;37;97;47m@[0;37;5;47;107m  X[0;37;5;40;100m@[0;33;5;40;100m  [0;1;30;90;47m8[0;37;5;47;107mX     [0;1;37;97;47mX[0;37;5;47;107mS ;XSS%[0;1;37;97;47m:[0;1;30;90;47m::[0;1;37;97;47m [0;1;30;90;41m@[0;32;40m;[0;1;30;90;40mS[0m             
  [0;34;40m [0;37;5;40;100m8[0;1;30;90;47m8[0;37;5;40;100m8[0;1;30;90;47m8[0;37;5;40;100m8[0;1;30;90;47m8[0;37;5;40;100m8[0;33;5;40;100m:[0;34;40m.[0;31;40m;[0;36;5;40;100mt[0;31;5;40;100mS[0;36;5;40;100mS[0;31;5;40;100mX[0;34;40m%[0;32;40m;[0;31;40mt[0;36;5;40;100m [0;37;5;47;107m8 . .      [0;36;5;40;100m [0;37;5;47;107m    .[0;1;37;97;47m.[0;31;5;41;101m8[0;1;31;91;47m@@[0;35;5;41;101mX[0;1;30;90;47m8[0;37;5;47;107m.    [0;37;5;40;100mS[0;37;5;47;107m   .  .    . [0;1;30;90;47mt[0;1;37;97;47m@[0;37;5;47;107m   8[0;1;37;97;47m@8[0;37;5;47;107m8.    8[0;1;30;90;47mX[0;1;37;97;47m [0;37;5;47;107m     .  ..[0;36;5;40;100m%[0;31;5;40;100mS[0;35;5;40;100m;[0;32;40m:[0m            
  [0;1;30;90;40m@[0;33;5;40;100m%[0;30;5;40;100mX[0;31;5;40;100mS[0;30;5;40;100mS[0;33;5;40;100m%[0;30;5;40;100mX[0;1;30;90;40mS[0;34;40m [0;34;5;40;100m%[0;37;5;47;107mX[0;1;37;97;47mS[0;1;30;90;47m :[0;1;37;97;47mt[0;37;5;47;107mt[0;37;5;40;100mX[0;32;40m:[0;34;40m.[0;32;40m;[0;35;5;40;100m [0;1;37;97;47m8[0;37;5;47;107m        [0;1;37;97;47m:%tt;tS@[0;1;30;90;47mSt[0;1;37;97;47mXtt;tttttttt;ttt;t;tt[0;1;30;90;47mt[0;37;5;47;107mX [0;1;37;97;47mS;[0;1;30;90;47mS@@8@@X@@8@@[0;1;37;97;47m [0;1;30;90;47m.[0;37;5;47;107mS X[0;1;37;97;47mS[0;1;30;90;47m:S8[0;33;5;40;100m [0;31;40mX[0;30;5;40;100mX[0;32;40m [0m             
  [0;1;30;90;40mS[0;30;5;40;100m8@888X[0;31;40mt[0;32;40m.[0;33;5;40;100m:[0;37;5;47;107mX[0;1;30;90;47m.[0;33;5;40;100m.;[0;1;30;90;47m%[0;1;37;97;47m8[0;1;30;90;47mt[0;34;40m .[0m  [0;34;40m:[0;33;5;40;100m%[0;35;5;40;100m;[0;36;5;40;100m:[0;33;5;40;100m [0;36;5;40;100m . . .   [0;33;5;40;100m  [0;35;5;40;100m  [0;33;5;40;100m .[0;35;5;40;100m   ..[0;33;5;40;100m [0;35;5;40;100m.       [0;36;5;40;100m   . .[0;35;5;40;100m [0;36;5;40;100m  [0;30;5;40;100m8[0;34;5;40;100m%[0;31;40m..[0;30;5;40;100m8[0;37;5;47;107mS[0;1;30;90;47mX[0;33;5;40;100m:[0;35;5;40;100mS[0;1;30;90;47mX:[0;1;37;97;47mt[0;31;40m%:[0m [0;30;5;40;100mX[0;31;40m;[0;1;30;90;40mX8[0;30;5;40;100m@[0;31;5;40;100mS[0;30;5;40;100mX[0;33;5;40;100m%[0;30;5;40;100mX[0;1;30;90;40mX[0m               
          [0;34;40m.[0;1;30;90;40m8[0;1;37;97;47m;[0;37;5;47;107m8[0;1;37;97;47m@@8@[0;33;5;40;100mt[0;34;40m.[0;31;40m [0m                                                [0;34;40m.[0;1;30;90;40mS[0;1;30;90;47m;[0;37;5;47;107m8[0;1;37;97;47m@88[0;37;5;47;107m8[0;33;5;40;100m [0;31;40m;[0;32;40m.[0m                          
           [0;34;40m.[0;31;40m. . .[0;34;40m . [0m                                                  [0;34;40m.[0;31;40m:....:;[0;32;40m:[0m                           
