[0;1;37;97;47mS[0;37;5;47;107m888888888888888888888888888888888888888888888888888888888888888888888888888888[0;1;37;97;47mX[0m
[0;37;5;47;107m88888888888888888888888888888888888888888888888888888888888888888888888888888888[0m
[0;37;5;47;107m88[0;1;37;97;47mS%%%%%%%%%%%%%%%%%%%%%%S8888888888888888888888S%%%%%%%%%%%%%%%%%%%%%%%%%%%%%[0;37;5;47;107m88[0m
[0;37;5;47;107m88[0;30;5;40;100m8[0;1;30;90;40mXSXSXSXSXSXSXSXSXSXSXS[0;30;5;40;100mX[0;1;30;90;47m8[0;37;5;40;100m8[0;1;30;90;47m8[0;37;5;40;100m8[0;1;30;90;47m8[0;37;5;40;100m8[0;1;30;90;47m8[0;37;5;40;100m8[0;1;30;90;47m8[0;37;5;40;100m8[0;1;30;90;47m8[0;37;5;40;100m8[0;1;30;90;47m8[0;37;5;40;100m8[0;1;30;90;47m8[0;37;5;40;100m8[0;1;30;90;47m8[0;37;5;40;100m8[0;1;30;90;47m8[0;37;5;40;100m8[0;1;30;90;47m8[0;37;5;40;100m8[0;30;5;40;100m@[0;1;30;90;40mXSXSXSXSXSXSXSXSXSXSXSXSXSXSS[0;1;37;97;47mt[0;37;5;47;107m8[0m
[0;37;5;47;107m88[0;30;5;40;100m@[0;1;30;90;40mSXSXSXSXSXSXSXSXSXSXSXX[0;30;5;40;100mX[0;36;5;40;100m;[0;31;5;40;100mX[0;36;5;40;100mX[0;31;5;40;100mX[0;36;5;40;100mX[0;31;5;40;100m@[0;36;5;40;100mX[0;31;5;40;100mX[0;36;5;40;100mX[0;31;5;40;100m@[0;36;5;40;100mX[0;31;5;40;100mX[0;36;5;40;100mX[0;31;5;40;100m@[0;36;5;40;100mX[0;31;5;40;100mX[0;36;5;40;100mX[0;31;5;40;100m@[0;36;5;40;100mX[0;31;5;40;100mX[0;30;5;40;100mX[0;1;30;90;40mXSSXSSXSXSXSXSXSXSXSXSXSXSXSXX[0;1;37;97;47m%[0;37;5;47;107m8[0m
[0;37;5;47;107m88[0;30;5;40;100m8[0;1;30;90;40mSXSSXSSSXSSSXSSSXSSSXS[0;30;5;40;100m8[0;37;5;40;100m@88@8@8@8@8@8@8@8@8@88[0;1;30;90;40m8XSXSX[0;1;31;91;41mX[0;35;41mS[0;1;30;90;41m%S[0;30;41mX[0;1;30;90;41m@SS[0;30;41m8[0;1;30;90;41m@S[0;30;41m@[0;35;41mS[0;1;30;90;41mSS[0;31;40m@[0;1;30;90;40m@SSXSSSS[0;1;37;97;47m%[0;37;5;47;107m8[0m
[0;37;5;47;107m88[0;30;5;40;100m@[0;1;30;90;40mSSXSSXS[0;30;5;40;100mS[0;1;30;90;40m8[0;30;5;40;100m888[0;36;5;40;100m%[0;31;40mt[0;1;30;90;40m@SSXSXSS[0;30;5;40;100m8[0;37;5;40;100m88[0;1;30;90;47m8[0;37;5;40;100m8[0;1;30;90;47m8[0;37;5;40;100m8[0;1;30;90;47m8[0;37;5;40;100m8[0;1;30;90;47m8[0;37;5;40;100m8[0;1;30;90;47m8[0;37;5;40;100m8[0;1;30;90;47m8[0;37;5;40;100m8[0;1;30;90;47m8[0;37;5;40;100m8[0;1;30;90;47m8[0;37;5;40;100m8[0;1;30;90;47m8[0;37;5;40;100m8[0;1;30;90;47m8[0;37;5;40;100m8[0;30;5;40;100m8[0;1;30;90;40mSSSXX[0;30;41m8[0;31;5;40;100m8[0;31;40m8[0;1;30;90;40m8[0;31;40m8[0;1;30;90;40m8[0;31;40m8[0;1;30;90;40m8[0;31;40m8[0;1;30;90;40m8[0;31;40m8[0;31;5;40;100m8[0;31;40m@[0;1;30;90;40m8[0;31;40m8[0;1;30;90;40m8[0;34;40m%[0;1;30;90;40m@SXSXSX[0;1;37;97;47mt[0;37;5;47;107m8[0m
[0;37;5;47;107m88[0;30;5;40;100m8[0;1;30;90;40mXSSXSXS[0;36;5;40;100m:[0;31;40m;[0;1;30;90;40mSS[0;31;40m;[0;35;5;40;100mt[0;32;40m%[0;1;30;90;40m@SXSXSXSX[0;30;5;40;100mS[0;36;5;40;100m;[0;31;5;40;100mS[0;36;5;40;100mX[0;31;5;40;100m@[0;36;5;40;100m@[0;31;5;40;100m@[0;36;5;40;100mX[0;31;5;40;100mX[0;36;5;40;100mX[0;31;5;40;100m@[0;36;5;40;100m@[0;31;5;40;100m@[0;36;5;40;100mX[0;31;5;40;100mX[0;36;5;40;100mX[0;31;5;40;100m@[0;36;5;40;100m@[0;31;5;40;100m@[0;36;5;40;100m@[0;31;5;40;100mX[0;30;5;40;100mX[0;34;40mt[0;1;30;90;40m@XSS@[0;34;40mS[0;32;40mS[0;1;30;90;40m8@@@@@XX[0;34;40mX[0;1;30;90;40mX@X@@XSXSXSXS[0;1;37;97;47m%[0;37;5;47;107m8[0m
[0;37;5;47;107m88[0;30;5;40;100m8[0;1;30;90;40mXS@[0;30;5;40;100m8888[0;35;5;40;100m.[0;32;40m;[0;1;30;90;40mXX[0;32;40m%[0;35;5;40;100m%[0;30;5;40;100m88888[0;1;30;90;40mSSSX[0;30;5;40;100mX[0;37;5;40;100m8[0;1;30;90;41m8[0;35;5;41;101m8[0;1;30;90;43m8[0;35;5;40;100m: [0;35;5;41;101mS[0;33;5;40;100m. .[0;1;30;90;47m8[0;37;5;40;100mS8[0;31;5;40;100m%[0;35;5;40;100m :[0;33;5;41;101m@[0;35;5;40;100m::[0;1;30;90;43m8[0;1;30;90;45m8[0;1;30;90;47m%[0;30;5;40;100mS[0;32;40m%[0;1;30;90;40m@XSX@@X[0;34;40m%[0;1;30;90;40m@SX[0;34;40m%[0;1;30;90;40m@X@[0;32;40m%[0;1;30;90;40m@SXSSXSXSSSX[0;1;37;97;47mt[0;37;5;47;107m8[0m
[0;37;5;47;107m88[0;30;5;40;100m8[0;1;30;90;40mSX[0;36;5;40;100m;[0;31;40m:[0;1;30;90;40mS%[0;32;40mt[0;1;30;90;40m@X[0;34;40mt[0;1;30;90;40m@S[0;32;40mt[0;1;30;90;40mS[0;34;40mt[0;1;30;90;40mX[0;31;40mt[0;36;5;40;100m%[0;31;40mt[0;1;30;90;40m@SS8[0;35;5;40;100m [0;33;5;40;100m [0;37;5;40;100m@[0;35;5;40;100m  [0;37;5;40;100m%[0;33;5;40;100m [0;37;5;40;100m%[0;33;5;40;100m  [0;35;5;40;100m.[0;33;5;40;100m    [0;37;5;40;100mt[0;35;5;40;100m [0;37;5;40;100mt[0;35;5;40;100m. [0;33;5;40;100m ;[0;1;30;90;40m@X[0;31;40m%[0;1;30;90;40m8[0;36;5;40;100m.[0;33;5;40;100m.[0;36;5;40;100m.[0;35;5;40;100m:[0;33;5;40;100m...[0;35;5;40;100m:[0;30;5;40;100mS[0;1;30;90;40m@[0;33;5;40;100mt[0;35;5;40;100m:[0;33;5;40;100m.[0;35;5;40;100m..[0;36;5;40;100m...[0;33;5;40;100m;[0;34;40mt[0;1;30;90;40m@SXSXS[0;1;37;97;47m%[0;37;5;47;107m8[0m
[0;37;5;47;107m88[0;30;5;40;100m@[0;1;30;90;40mSS[0;35;5;40;100mt[0;32;40m;[0;1;30;90;40mXXX[0;34;40m%[0;1;30;90;40m@@[0;31;40m%[0;1;30;90;40m@XXXXS[0;30;5;40;100mS[0;1;30;90;40mXXSX[0;30;5;40;100m@[0;1;30;90;47m [0;1;37;97;47mt:;;;t:;::;;;:;%:tt; [0;30;5;40;100m8[0;1;30;90;40mX@[0;36;5;40;100m.[0;37;5;47;107m8[0;1;37;97;47m [0;37;5;41;101m8[0;31;5;41;101m .[0;37;5;41;101m8[0;1;30;90;47m8[0;37;5;47;107m8[0;1;37;97;47m.[0;31;40mS[0;37;5;47;107m@[0;1;37;97;47mX[0;1;31;91;47m8[0;31;5;41;101m .[0;35;5;41;101m:[0;1;30;90;47m8[0;1;37;97;47m;[0;37;5;47;107m@[0;30;5;40;100m8[0;31;40m%[0;1;30;90;40m@SXSS[0;1;37;97;47m%[0;37;5;47;107m8[0m
[0;37;5;47;107m88[0;30;5;40;100m8[0;1;30;90;40mX[0;32;40mt[0;1;30;90;40m8[0;30;5;40;100m8888[0;33;5;40;100m;[0;31;40m;[0;1;30;90;40mX@[0;34;40m%[0;33;5;40;100mS[0;1;30;90;40m@[0;30;5;40;100m8888[0;1;30;90;40mSSXS[0;33;5;40;100m [0;1;37;97;47m@[0;37;5;47;107m8[0;1;37;97;47m:[0;1;30;90;47m8[0;37;5;40;100m@[0;1;30;90;47m8[0;37;5;40;100mX[0;1;30;90;47m8[0;1;37;97;47mt[0;37;5;47;107m8@88[0;1;37;97;47m:[0;1;30;90;47m88[0;37;5;40;100mX[0;1;30;90;47m88[0;1;37;97;47m;[0;37;5;47;107m8[0;1;37;97;47mX[0;35;5;40;100m;[0;31;40m%[0;1;30;90;40m8[0;36;5;40;100m:[0;1;37;97;47m [0;31;5;41;101m       [0;1;37;97;47m@[0;1;30;90;40m@[0;1;37;97;47m8[0;31;5;41;101m       [0;37;5;47;107m8[0;30;5;40;100m8[0;1;30;90;40mXSXSXS[0;1;37;97;47m%[0;37;5;47;107m8[0m
[0;37;5;47;107m88[0;30;5;40;100m8[0;1;30;90;40mX@XSSSS[0;35;5;40;100m;[0;32;40m;[0;1;30;90;40mSX[0;32;40m%[0;35;5;40;100mX[0;32;40mt[0;1;30;90;40mXSSSXSSX[0;33;5;40;100m [0;1;37;97;47m@[0;37;5;47;107m@[0;1;30;90;47m8[0;31;5;40;100mX[0;30;5;40;100mX[0;31;5;40;100mXSS[0;1;30;90;47m%[0;37;5;47;107m88@8[0;1;30;90;47m8[0;31;5;40;100m@@X[0;30;5;40;100mX[0;31;5;40;100mX[0;1;30;90;47mt[0;37;5;47;107m8[0;1;37;97;47m@[0;33;5;40;100m:[0;1;30;90;40mXS[0;35;5;40;100m:[0;1;37;97;47m [0;31;5;41;101m       [0;1;37;97;47m@[0;32;40mt[0;37;5;47;107m8[0;31;5;41;101m       [0;1;37;97;47m%[0;31;5;40;100m8[0;32;40mt[0;1;30;90;40m@SSXS[0;1;37;97;47mt[0;37;5;47;107m8[0m
[0;37;5;47;107m88[0;30;5;40;100m@[0;1;30;90;40mSXSXSXS[0;30;5;40;100mS8888[0;36;5;40;100m%[0;31;40m%[0;1;30;90;40m@SXSXSXS[0;30;5;40;100m%[0;1;37;97;47m%8888888[0;37;5;47;107m88888[0;1;37;97;47m@88888[0;37;5;47;107m8[0;1;37;97;47m8%[0;30;5;40;100m@[0;1;30;90;40mXS[0;33;5;40;100m;[0;37;5;47;107m8[0;1;37;97;47m [0;31;5;41;101m    [0;1;37;97;47m [0;37;5;47;107m8[0;1;37;97;47m.[0;1;30;90;40m@[0;37;5;47;107m@[0;1;37;97;47m%[0;37;5;41;101m8[0;31;5;41;101m   [0;1;31;91;47m@[0;1;37;97;47m.[0;37;5;47;107m8[0;30;5;40;100m8[0;31;40mS[0;1;30;90;40m@XSSX[0;1;37;97;47m%[0;37;5;47;107m8[0m
[0;37;5;47;107m88[0;30;5;40;100m8[0;1;30;90;40mSSXSSSSSSSS[0;31;40mt[0;1;30;90;40mXXSXSXSXSSX[0;30;5;40;100m8XXXXXX@@88[0;31;5;40;100m8[0;30;5;40;100m8XXXXX@X@8[0;1;30;90;40mSXS8[0;35;5;40;100m.[0;37;5;40;100m;[0;1;30;90;47m8[0;37;5;40;100mX8S[0;33;5;40;100m [0;35;5;40;100m t[0;30;41m8[0;35;5;40;100m [0;37;5;40;100mSX@8@[0;33;5;40;100m [0;1;30;90;47m8[0;33;5;40;100m;[0;1;30;90;41mX[0;34;40mS[0;1;30;90;40mXXSXS[0;1;37;97;47mt[0;37;5;47;107m8[0m
[0;37;5;47;107m88[0;30;5;40;100m@[0;1;30;90;40mSXSXSXXSSSX@[0;34;40m%[0;1;30;90;40m@SXSSXSXS[0;30;5;40;100mX[0;37;5;40;100m8[0;1;30;90;47m8[0;37;5;40;100m8[0;1;30;90;47m8[0;37;5;40;100m88[0;1;30;90;47m8[0;37;5;40;100m8[0;1;30;90;47m8[0;37;5;40;100m8[0;1;30;90;47m8[0;37;5;40;100m8[0;1;30;90;47m8[0;37;5;40;100m8[0;1;30;90;47m8[0;37;5;40;100m8[0;1;30;90;47m8[0;37;5;40;100m8[0;1;30;90;47m8[0;37;5;40;100m8[0;1;30;90;47m8[0;37;5;40;100m8[0;30;5;40;100m@[0;1;30;90;40mSS[0;31;40mX[0;30;5;40;100m8[0;31;40m8[0;1;30;90;40m@XS[0;31;40mX[0;30;5;40;100m8[0;1;30;90;41m;[0;33;41m;[0;1;30;90;40m8X[0;31;40mX[0;1;30;90;40m8[0;34;40m%[0;1;30;90;40mX@[0;31;40m@[0;1;30;90;41m%[0;30;41mX[0;1;30;90;41mX[0;32;40mS[0;1;30;90;40m@SXSX[0;1;37;97;47m%[0;37;5;47;107m8[0m
[0;1;37;97;47mS[0;37;5;47;107m8888[0;1;37;97;47m8[0;37;5;47;107m888[0;1;37;97;47m8[0;37;5;47;107m88888888[0;1;37;97;47m8[0;37;5;47;107m888[0;1;37;97;47m8[0;37;5;47;107m8888888888888888888888888888888888888888@8888888[0;1;37;97;47m8[0;37;5;47;107m8888[0;1;37;97;47m8[0;37;5;47;107m88[0;1;37;97;47mX[0m
