           [0;37;5;40;100m8[0;1;30;90;47m;[0;1;37;97;47mt8[0;37;5;47;107m@S%S%SSSSS@[0;1;30;90;47mSSSXSSXSSXSSXSSXSSXSXSSXSXSS[0;37;5;47;107m@SSSSSSSSS@[0;1;37;97;47m8t[0;1;30;90;47mt[0;37;5;40;100m8[0m           
        [0;1;30;90;47mX[0;37;5;47;107m8@%%%ttt%t%t%t%t%%%%%%%%%%%%%%%%%%%%%%S%%%S%S%SS%S%S%SSSSSSS@8[0;1;30;90;47m@[0m        
      [0;1;37;97;47m:[0;37;5;47;107mXS%%%%%%S%%S%S%S%S%S%S%S%SSSSSSSSSSSSSSSSXSXSSXSXSXXXSXXSXXXXXXXX@[0;1;37;97;47m:[0m      
    [0;1;37;97;47m%[0;37;5;47;107mXSSSSXSXSXSXSXSXSXXSXXXXXXXXXXXXXXXXXX@X@X@XX@X@X@X@@X@@@@@@@@8@@@@@88[0;1;37;97;47m%[0m    
  [0;37;5;40;100m8[0;37;5;47;107m8XXXX@XXXX@XX@X@X@@X@@@@@@@@@@@@@@@@8@8@@8@8@88@88888888[0;1;37;97;47m8.[0;36;47m888[0;1;37;97;47m [0;37;5;47;107m8[0;1;37;97;47m8[0;37;5;47;107m888888888[0;1;37;97;47m8[0;1;30;90;47m8[0m  
 [0;1;30;90;47m8[0;37;5;47;107m88@8@8@888@88[0;1;30;90;47m;[0;36;5;40;100m .[0;35;5;40;100m:[0;36;5;40;100m:[0;1;30;90;47m@[0;37;5;47;107m88888888888888888888888888888[0;1;37;97;47m8[0;37;5;47;107m888[0;1;37;97;47m8[0;37;5;47;107m88[0;1;37;97;47m8[0;37;5;47;107m8[0;1;30;90;47m@[0;1;34;94;46m8[0;1;36;96;46m:[0;1;36;96;5;44;104m8[0;37;46m@[0;36;5;44;104m [0;1;30;90;47m [0;1;37;97;47m88[0;37;5;47;107m8[0;1;37;97;47m888888[0;37;5;47;107m8[0;1;37;97;47m88[0;1;30;90;47m8[0m 
 [0;1;37;97;47m@[0;37;5;47;107m8888888888[0;1;37;97;47m8[0;37;5;47;107m88[0;37;5;40;100mX[0;34;5;40;100mS[0;30;5;40;100m88[0;34;5;40;100m@[0;33;5;40;100m.[0;37;5;47;107m8[0;1;37;97;47m8[0;37;5;47;107m8[0;1;37;97;47m8[0;37;5;47;107m8[0;1;37;97;47m8[0;37;5;47;107m8[0;1;37;97;47m8[0;37;5;47;107m8[0;1;37;97;47m8[0;37;5;47;107m8[0;1;37;97;47m88[0;37;5;47;107m8[0;1;37;97;47m888888888888888888888888[0;1;30;90;47m;[0;36;47m8[0;1;36;96;47mS[0;1;37;97;47m [0;1;36;96;47m@[0;36;47mX[0;1;30;90;47mt[0;1;37;97;47m888888888X88X[0m 
[0;1;30;90;47m;[0;1;37;97;47m8888888888[0;37;5;40;100mX[0;36;5;40;100m [0;37;5;40;100mS[0;36;5;40;100m :[0;30;5;40;100m@88X[0;34;5;40;100mS[0;33;5;40;100m [0;37;5;40;100mX%@[0;1;37;97;47mX88888888888888888888@8@88@[0;1;30;90;47m.[0;1;30;90;46m8@[0;1;36;96;46m;[0;37;46m8[0;1;30;90;47m.[0;1;37;97;47m8X [0;1;30;90;47mX8[0;1;37;97;47m  S@[0;1;30;90;47m:S[0;1;37;97;47m [0;1;30;90;47m88X[0;1;37;97;47mXSXXXX[0;1;30;90;47mt[0m
[0;1;37;97;47m;888888888t[0;30;5;40;100m8[0;34;5;40;100m@[0;1;30;90;40m8[0;30;5;40;100m8@[0;34;5;40;100m@[0;30;5;40;100m88@[0;33;5;40;100m%[0;34;5;40;100m8[0;30;5;40;100mS[0;36;5;40;100m.[0;35;5;40;100m%[0;1;30;90;47m.[0;1;37;97;47m@@@@@XX:[0;1;30;90;47m [0;1;37;97;47mtX@X@XS.[0;1;30;90;47m [0;1;37;97;47m%XXXXXX[0;1;30;90;47m:[0;1;30;90;46mX[0;1;36;96;46m;[0;37;46mS[0;1;30;90;46m8[0;1;36;96;46m:[0;37;46m@[0;1;30;90;47m:[0;1;37;97;47m8%%%ttS [0;1;30;90;45m8[0;37;5;41;101m88[0;33;5;41;101m [0;37;5;41;101m8[0;33;5;41;101m;[0;1;37;97;47m:SSS%S;[0m
[0;1;30;90;47m.[0;1;37;97;47mXXX@XXXXX%[0;34;5;40;100m%[0;30;5;40;100mXS[0;34;5;40;100mS[0;30;5;40;100m8@[0;34;5;40;100mS[0;30;5;40;100mS[0;36;5;40;100mt[0;30;5;40;100m8[0;33;5;40;100mt[0;35;5;40;100mt[0;36;5;40;100m;%[0;1;37;97;47m XSSS:[0;1;30;90;47mt[0;37;5;40;100m8[0;36;5;40;100m [0;37;5;40;100m8[0;1;30;90;47mt[0;1;37;97;47mSS%.[0;1;30;90;47m%[0;37;5;40;100mX[0;36;5;40;100m [0;1;30;90;47m8;[0;1;37;97;47m%S%%%%:[0;37;5;40;100m8[0;37;46m8[0;36;47m8[0;1;36;96;47m8[0;1;30;90;47m8[0;37;5;40;100mS[0;1;37;97;47m:X%: :ttt[0;1;30;90;47m8[0;33;5;41;101mX[0;35;5;41;101mX[0;33;47m8[0;35;5;41;101mX[0;1;30;90;47mX[0;1;37;97;47m tttt;[0;1;30;90;47m:[0m
[0;36;5;40;100m [0;1;37;97;47m%SS%SS%S%%%ttt[0;33;5;40;100m %[0;30;5;40;100m8[0;34;5;40;100mX[0;33;5;40;100m:[0;35;5;40;100mS[0;1;37;97;47m.;:;%t%t[0;1;30;90;47m [0;37;5;40;100m8[0;36;5;40;100m [0;1;30;90;47m8:[0;1;37;97;47m:ttt[0;1;30;90;47m%[0;37;5;40;100m8[0;36;5;40;100m [0;1;30;90;47m@:[0;1;37;97;47m;ttttt;;t.[0;1;30;90;47m;SXS[0;1;37;97;47m.;[0;1;30;90;47m: [0;1;37;97;47m@[0;1;33;93;47mSX[0;33;47m@[0;1;37;97;47m ;::[0;1;30;90;47m:t.[0;1;37;97;47m.;::::.[0;35;5;40;100m [0m
 [0;1;30;90;47m%[0;1;37;97;47m;ttttttt;t;tt[0;37;5;40;100mS[0;34;5;40;100m8[0;33;5;40;100mX[0;35;5;40;100m%[0;36;5;40;100m;;[0;1;37;97;47m:;;;;;;;;;:;:;:;:;.:;::::::.:::.:.:...[0;1;30;90;43m8[0;33;5;43;103m  [0;33;5;41;101m [0;33;5;43;103m [0;1;31;91;5;43;103m8[0;33;5;40;100m [0;1;37;97;47m; ..... ...[0;1;30;90;47m %[0m 
  [0;1;30;90;47mS[0;1;37;97;47m.::::::::::..[0;1;30;90;47m;tt: [0;1;37;97;47m..:......[0;1;30;90;47m;::;;:[0;1;37;97;47m.. [0;1;30;90;47m;:;t:[0;1;37;97;47m    .         :[0;1;30;90;47m%[0;33;5;40;100mt[0;1;31;91;43m8[0;33;5;43;103m%[0;1;30;90;43m8[0;33;47m8[0;1;30;90;47m8[0;1;37;97;47m          [0;1;30;90;47m.X[0m  
   [0;37;5;40;100mS[0;1;30;90;47m:[0;1;37;97;47m       [0;1;30;90;47m  [0;1;37;97;47m                           [0;1;30;90;47m [0;1;37;97;47m                 : [0;1;30;90;47m  ;;[0;1;37;97;47m          [0;1;30;90;47m;[0;37;5;40;100mS[0m   
     [0;37;5;40;100m@[0;1;30;90;47m;.[0;1;37;97;47m                   [0;1;30;90;47m.;tttttttttttttttttttttt;.[0;1;37;97;47m      : [0;1;30;90;47m  [0;1;37;97;47m         [0;1;30;90;47m ;[0;37;5;40;100m@[0m     
       [0;36;5;40;100m.[0;37;5;40;100m8[0;1;30;90;47m;:[0;1;37;97;47m            [0;1;30;90;47m ;t[0;37;5;40;100mX[0m                          [0;37;5;40;100mX[0;1;30;90;47m%:[0;1;37;97;47m     [0;1;30;90;47m  [0;1;37;97;47m      [0;1;30;90;47m:;8[0;33;5;40;100m:[0m       
           [0;36;5;40;100m:[0;33;5;40;100m [0;37;5;40;100m8[0;1;30;90;47m@StttS8[0;37;5;40;100mX[0;33;5;40;100m [0m                                  [0;36;5;40;100m [0;37;5;40;100m@[0;1;30;90;47m8X%ttS@[0;37;5;40;100m8[0;35;5;40;100m :[0m           
